
Table =

   5.2134e-02   2.5302e-02   1.0400e+00   1.2583e-02   1.0100e+00   6.3672e-03   9.8000e-01   3.2273e-03   9.8000e-01
   6.7254e-02   3.2767e-02   1.0400e+00   1.6260e-02   1.0100e+00   8.3805e-03   9.6000e-01   4.3226e-03   9.6000e-01
   2.2588e-01   1.3323e-01   7.6000e-01   7.4161e-02   8.5000e-01   4.3454e-02   7.7000e-01   2.5033e-02   8.0000e-01

>> sweburgtest
>> maketable
>> Table

Table =

   7.2093e-03   1.9699e-03   1.8700e+00   5.1529e-04   1.9300e+00   1.3252e-04   1.9600e+00   3.3891e-05   1.9700e+00
   9.9695e-03   2.7986e-03   1.8300e+00   7.7193e-04   1.8600e+00   2.0695e-04   1.9000e+00   5.4380e-05   1.9300e+00
   4.1693e-02   1.4128e-02   1.5600e+00   4.3610e-03   1.7000e+00   1.2245e-03   1.8300e+00   3.2356e-04   1.9200e+00

>> 
